CESD Health Gender Age Edu Income
1.000 0.212 0.124 -0.164 -0.101 -0.158
0.212 1.000 0.098 0.308 -0.207 -0.183
0.124 0.098 1.000 0.044 -0.106 -0.180
-0.164 0.308 0.044 1.000 -0.208 -0.192
-0.101 -0.207 -0.106 -0.208 1.000 0.492
-0.158 -0.183 -0.180 -0.192 0.492 1.000